7104.474600535 -1278.144301215 9482.672038337
7203.865853716 -1264.345115123 9490.093346472
7104.688710982 -1108.002635194 9542.289035430
7203.420595257 -1097.269178216 9558.132792643
7095.347302254 -1044.708983143 9571.945643663
7222.124767388 -1066.481075431 9564.375133804
13127.865586900 -8960.098784768 20862.367949118
13204.078598948 -8906.236101031 20824.758074677
13143.669047266 -8838.183705505 20994.236758132
13225.396101385 -8789.917398975 20960.991172070
13147.553396062 -8799.524171872 21053.085844892
13239.002026352 -8757.951835345 20972.384226931
-1953.415347288 -3949.593012438 12549.646954492
-1863.425349027 -3953.060058144 12504.770520060
-1909.444943968 -3775.168551572 12561.693936930
-1815.962492418 -3780.190305843 12524.951183223
-1897.339547646 -3707.416755811 12577.056757953
-1794.340318762 -3752.714058592 12514.262048797
957.446993583 -6654.208768122 18347.171370071
1012.226986924 -6639.973691854 18263.981049159
1057.560005994 -6515.098899701 18403.102112567
1118.270954020 -6506.663574684 18323.369792926
1096.908605714 -6466.287000172 18435.381345569
1140.897763869 -6479.204913429 18314.957328986
3746.002871259 -4628.799810910 15562.019549937
3834.825163990 -4582.401261455 15552.970269158
3693.264869943 -4460.214268901 15598.075575021
3783.308633663 -4415.423061598 15597.783894979
3665.538581551 -4399.265505685 15620.197146241
3790.784096818 -4379.640316430 15597.126057408
5986.303921462 -5570.547986051 17752.179494877
6079.396335844 -5604.736122738 17735.176899346
6078.524472997 -5420.163261435 17789.357757061
6171.829355693 -5456.752636872 17781.013107044
6106.694643267 -5359.819767487 17812.551871916
6203.308055218 -5438.253498920 17779.117448149
