7.598280406 82.947513273 333.235009956 53.734438516 291.966925065 26.407787028 286.935466930 27.510679196
6.662179635 81.850230094 332.691090383 53.174223223 291.992133461 26.368012511 286.977671021 27.484999572
8.767092344 81.653974064 333.889400945 52.359837757 292.218284532 25.704745068 287.152146031 26.824341164
7.862509176 80.611645049 333.415174769 51.884268612 292.288476334 25.705397267 287.237157574 26.835440633
9.356520398 81.279706163 334.266022259 51.919794723 292.353782648 25.459735913 287.270202633 26.582473385
7.844985060 80.180606555 333.372394661 51.537761172 292.306561980 25.572189668 287.254300618 26.709098651
1.330876957 89.315138204 352.227364335 81.092812434 329.599309950 63.362376313 325.984487573 63.203229939
1.119521022 88.997196909 351.989324639 80.777847595 329.380161455 63.095488727 325.758804789 62.949860085
1.656268770 89.076607345 352.530783333 80.832432024 329.882186490 63.133989462 326.237949693 62.947479842
1.434457841 88.756443235 352.286268063 80.519808964 329.665544492 62.876921125 326.016371513 62.704754851
1.793357492 89.009005201 352.665065163 80.759587956 330.014641727 63.075357994 326.360633777 62.877529805
1.452557255 88.662176525 352.293769064 80.420446333 329.668153147 62.787731431 326.012406399 62.613462072
62.755711215 153.541201381 55.986836873 142.402078573 345.366873301 79.650324347 332.807866021 71.668046235
62.440792846 153.357419589 55.482101079 142.095866109 344.105326949 78.860419112 331.665057183 71.035540787
63.343947579 153.180315153 56.615235420 141.782914492 345.154816240 77.542005023 332.379002974 69.514478562
63.000968216 152.943830299 56.073142391 141.409191640 343.928992778 76.755186235 331.296103697 68.903851429
63.580947970 153.014169962 56.880943947 141.515892760 345.217969752 76.772688940 332.358395758 68.726098764
63.052031055 152.876703694 56.098271410 141.281353960 343.639826207 76.281075081 330.991223010 68.451373047
40.829017354 128.086671509 32.576064788 116.649252003 355.301116637 82.884249262 349.450309445 79.177373649
40.654544965 128.011451564 32.316515871 116.519451432 354.794571247 82.597622871 348.927342298 78.917366241
40.855767133 127.448588099 32.514083656 115.869911101 355.117754725 81.960333237 349.200988743 78.245567032
40.646562823 127.348432633 32.217567150 115.717413876 354.593508474 81.674057844 348.665869507 77.991024665
40.853975897 127.186435226 32.483641904 115.559634523 355.075716800 81.625691672 349.138696775 77.909579798
40.636391311 127.243946072 32.178132357 115.578593889 354.481058528 81.474782270 348.537771311 77.793439760
33.928818796 117.505461227 20.266877124 101.492365037 333.036836332 61.665380401 326.467682030 59.325014410
33.646607877 116.970374878 19.859473971 100.862520343 332.678564094 61.173868209 326.121440023 58.878434559
34.735285080 117.367652784 21.042410011 101.159110452 333.375133784 61.018460245 326.695717940 58.625889356
34.451456718 116.813520334 20.640425940 100.517261415 333.050953558 60.545310141 326.385720469 58.197776120
35.076389523 117.347587361 21.391876142 101.077284246 333.573109646 60.820581762 326.849623745 58.402599229
34.528511720 116.700310162 20.683631638 100.350293341 333.017108188 60.343593244 326.336367501 57.997366166
24.180585576 106.807685468 11.906243807 93.325585810 335.160323639 63.018222116 329.696745723 61.318643898
23.711154886 106.499325873 11.415242072 93.057247056 334.839000615 62.923392801 329.410146224 61.264371934
24.199831873 106.075186609 11.815538160 92.490198170 335.026889320 62.275840235 329.523158636 60.587259709
23.734408680 105.765967071 11.337538996 92.229936494 334.738046796 62.203576748 329.270345957 60.553981910
24.253856806 105.812579443 11.834848156 92.189457854 335.028376008 62.008063286 329.506616931 60.319396017
23.647492816 105.594612575 11.225452697 92.047183620 334.642654586 62.062196963 329.174710401 60.422433185
