1.000000000
0.000000000
-0.000000000
0.000000000
1.000000000
0.000000000
0.000000000
0.000000000
1.000000000
0.000000000
0.000000000
0.000000000
0.996194698
0.087155743
-0.000000000
-0.087155743
0.996194698
0.000000000
0.000000000
0.000000000
1.000000000
-3000.000000000
10.000000000
50.000000000
0.984807753
0.173648178
-0.000000000
-0.173648178
0.984807753
0.000000000
0.000000000
0.000000000
1.000000000
-11000.000000000
0.000000000
100.000000000
0.965925826
0.258819045
-0.000000000
-0.258819045
0.965925826
0.000000000
0.000000000
0.000000000
1.000000000
-12000.000000000
20.000000000
200.000000000
0.866025404
-0.500000000
0.000000000
0.000000000
-0.500000000
0.866025404
0.866025404
-0.500000000
0.000000000
0.000000000
-0.500000000
0.866025404
0.866025404
-0.500000000
0.000000000
0.000000000
-0.500000000
0.866025404
0.866025404
-0.500000000
0.000000000
0.000000000
-0.500000000
0.866025404
